210 206 236
315 236 269
210 187 157
359 333 316
315 333 360
281 210 236
206 237 236
369 360 359
281 236 315
359 360 333
269 333 315
369 342 360
369 359 394
360 292 315
292 360 342
281 245 187
245 292 290
369 373 342
281 315 292
281 187 210
407 359 316
210 157 181
373 369 420
281 292 245
292 342 373
269 236 237
373 290 292
420 369 394
316 337 407
206 210 181
269 316 333
290 261 245
359 407 394
228 187 245
206 181 140
269 237 206
187 228 180
157 187 180
206 140 150
407 372 393
269 206 220
379 373 420
316 269 299
220 206 150
157 146 181
269 220 204
228 245 261
150 140 130
407 393 394
420 394 395
220 150 152
316 299 337
130 152 150
140 181 126
140 126 130
180 146 157
372 407 337
254 269 204
299 269 254
146 126 181
290 373 379
152 195 220
204 220 195
289 261 290
393 395 394
379 289 290
395 379 420
130 126 152
337 381 372
224 254 204
224 204 195
114 152 126
152 114 116
195 152 116
126 146 117
334 381 337
372 388 393
116 138 195
388 372 381
126 117 114
393 418 395
173 195 138
117 146 143
143 146 180
334 337 299
289 244 261
228 261 244
224 266 254
266 224 195
299 306 334
289 323 244
180 228 171
143 104 117
306 299 254
138 148 173
211 228 244
266 195 173
211 244 230
323 280 244
254 266 306
379 357 289
228 211 171
148 170 196
323 289 370
180 171 143
127 138 116
148 138 127
280 230 244
266 173 148
370 289 357
170 148 127
418 413 395
148 196 266
379 395 357
143 171 172
381 346 388
266 256 306
266 196 256
108 116 114
334 346 381
196 170 234
230 208 211
114 117 104
334 306 256
395 413 412
196 234 256
412 357 395
256 307 334
349 280 323
238 208 230
346 334 307
127 116 108
280 238 230
211 218 171
388 346 367
170 179 234
234 179 207
307 256 234
104 143 172
412 370 357
218 211 208
349 323 397
323 370 397
307 318 346
108 114 83
414 418 393
388 414 393
388 367 414
170 127 123
179 170 145
171 166 172
412 397 370
127 108 123
218 166 171
318 307 234
238 217 208
104 172 85
276 238 280
145 170 123
345 346 318
172 112 85
217 218 208
114 104 83
412 423 397
280 349 331
331 276 280
238 276 217
345 234 207
83 104 100
217 276 235
166 218 182
418 414 416
318 234 345
218 217 182
112 172 166
349 397 415
276 331 253
367 346 345
418 416 413
367 416 414
235 276 253
423 415 397
298 253 331
217 235 233
101 112 166
81 85 112
217 233 182
85 100 104
416 367 358
392 331 349
415 392 349
233 235 253
108 83 93
345 358 367
412 413 423
166 182 129
207 179 162
331 329 298
83 100 77
298 259 253
179 145 162
331 392 364
123 108 93
358 345 294
423 413 429
358 419 416
259 233 253
101 81 112
85 82 100
301 259 298
329 301 298
145 123 125
82 77 100
123 93 75
125 162 145
233 129 182
345 207 201
83 77 93
413 416 419
75 125 123
419 429 413
423 436 415
329 331 364
345 325 294
207 162 163
233 259 297
166 129 101
419 358 422
438 423 429
75 93 64
162 125 163
201 207 163
294 374 358
301 297 259
72 85 81
223 233 297
356 374 294
436 423 437
374 422 358
77 61 93
125 75 84
423 438 437
345 308 325
201 308 345
294 325 356
84 118 125
93 61 64
72 82 85
419 449 429
223 197 233
163 125 118
129 233 197
392 415 428
249 251 232
415 436 428
223 297 263
72 54 82
64 61 37
332 297 301
215 232 251
61 77 82
329 332 301
308 201 215
190 209 232
215 251 308
232 215 190
332 263 297
293 251 249
192 209 190
209 192 194
194 192 176
176 192 156
209 226 232
449 438 429
392 368 364
49 75 64
201 190 215
192 190 156
251 293 303
64 37 49
251 303 308
232 274 249
368 329 364
274 232 226
325 402 356
163 168 201
249 274 293
308 303 325
82 42 61
422 441 419
168 190 201
327 325 303
303 293 324
324 293 340
226 209 205
168 163 118
303 324 327
205 209 194
190 168 156
37 61 32
101 129 96
441 449 419
90 81 101
288 340 293
20 82 54
282 263 332
457 438 449
402 325 327
288 293 274
72 81 90
156 169 176
332 329 317
131 156 168
20 42 82
438 457 437
340 336 324
118 131 168
332 317 282
457 449 455
96 129 115
90 101 96
176 169 194
392 428 368
197 115 129
84 75 51
156 131 134
338 324 336
441 455 449
134 137 156
260 274 226
437 457 461
49 51 75
239 226 205
288 274 260
42 32 61
20 7 42
324 338 327
437 446 436
226 239 260
437 461 462
90 54 72
156 137 169
287 223 263
288 330 340
239 205 189
263 282 287
288 260 285
288 302 330
302 288 285
31 51 49
169 159 194
20 54 8
194 189 205
69 118 43
42 7 32
49 37 31
37 32 14
189 194 159
422 374 421
374 356 421
352 329 368
457 455 461
84 43 118
462 446 437
455 441 471
285 260 239
118 69 131
7 14 32
311 302 285
84 51 43
376 352 368
340 330 336
134 169 137
90 44 54
302 311 330
477 461 455
462 461 485
31 37 18
18 37 14
421 441 422
336 330 338
159 169 136
421 356 402
351 330 311
330 351 338
477 485 461
462 485 466
387 327 338
134 131 106
134 136 169
136 158 159
436 424 428
327 387 402
106 124 134
285 239 265
131 69 106
223 287 197
115 197 252
471 477 455
368 428 424
124 136 134
44 8 54
466 446 462
424 436 446
265 311 285
424 376 368
216 239 189
189 159 158
216 265 239
14 7 4
18 14 4
317 329 321
329 352 321
338 351 387
4 7 0
18 9 31
402 404 421
7 20 0
471 441 482
474 485 494
44 21 8
197 287 252
18 4 9
474 466 485
477 494 485
69 43 46
158 231 189
231 216 189
8 0 20
335 311 265
304 282 317
252 154 115
31 43 51
477 471 482
283 265 271
111 90 96
421 472 441
311 335 351
96 115 111
472 482 441
21 0 8
304 287 282
265 216 271
321 304 317
147 231 158
494 477 499
319 265 283
265 319 335
136 124 94
376 348 352
424 446 450
361 351 335
446 466 450
106 69 79
477 482 499
115 154 132
376 424 400
404 402 387
391 348 376
466 474 470
382 387 351
459 450 466
2 9 4
158 136 147
348 321 352
400 391 376
459 466 470
242 271 216
4 0 2
124 106 94
69 46 79
106 79 94
470 474 481
31 9 34
287 264 252
481 474 494
33 0 21
231 147 122
252 184 154
94 147 136
122 222 231
132 111 115
222 214 231
319 339 335
242 216 231
271 319 283
450 411 424
451 421 404
351 361 382
382 383 387
90 111 86
43 31 46
132 154 184
481 494 498
321 348 341
348 391 400
404 387 383
184 252 199
56 21 44
44 90 80
122 147 94
46 57 79
499 498 494
56 33 21
2 0 1
15 9 2
499 501 498
9 15 34
264 199 252
472 421 467
400 341 348
484 499 482
363 335 339
472 484 482
86 80 90
271 339 319
242 309 271
242 231 214
450 459 439
0 33 1
321 341 322
411 450 439
120 111 132
11 33 56
411 400 424
475 484 472
309 339 271
451 467 421
304 321 322
434 451 404
383 382 361
363 361 335
404 383 408
470 481 498
1 33 3
214 275 242
487 459 470
222 122 175
46 31 34
484 493 499
309 242 275
322 341 400
15 26 34
339 380 363
175 122 165
80 56 44
2 1 3
132 184 120
3 15 2
214 222 188
199 120 184
120 86 111
487 470 498
404 408 434
122 94 121
11 56 24
188 222 175
56 80 67
383 361 363
11 24 12
439 459 487
287 304 286
286 264 287
80 86 91
354 322 400
275 214 270
484 483 493
16 26 15
46 34 39
487 498 500
188 270 214
79 57 62
94 79 74
3 16 15
475 483 484
33 11 5
3 33 5
62 74 79
199 178 120
363 380 383
12 5 11
400 411 354
495 499 493
439 487 454
467 475 472
304 322 286
120 178 119
30 34 26
495 501 499
67 80 68
119 86 120
121 165 122
309 347 339
175 227 188
199 264 178
492 498 501
24 56 67
439 430 411
383 362 408
121 94 74
30 39 34
495 492 501
339 347 380
483 495 493
12 24 28
67 28 24
3 5 10
347 309 275
270 188 227
264 286 262
354 286 322
362 383 380
121 175 165
178 264 262
439 454 431
454 487 473
431 430 439
300 347 275
16 3 10
275 270 314
10 5 6
300 275 314
139 175 121
500 488 487
492 488 498
411 430 354
46 39 35
473 431 454
500 498 488
12 13 5
488 473 487
86 119 91
483 475 491
270 227 203
67 68 52
80 91 68
175 203 227
119 178 183
467 478 475
13 6 5
139 121 149
23 26 16
74 149 121
478 491 475
258 314 270
203 258 270
17 13 12
10 23 16
12 28 17
343 362 380
57 46 35
52 28 67
62 57 60
178 262 183
343 380 347
23 30 26
396 408 362
28 52 63
142 91 119
74 62 71
149 74 105
203 175 139
312 286 354
496 495 483
183 142 119
63 17 28
448 431 473
149 174 139
45 39 30
451 456 467
480 488 492
258 203 267
203 139 174
63 52 65
448 473 479
300 343 347
19 10 6
60 71 62
203 174 247
491 496 483
35 60 57
430 431 405
59 17 63
396 362 326
23 10 19
434 408 443
491 478 497
497 496 491
343 326 362
448 405 431
52 68 98
203 247 267
473 488 480
160 174 149
262 286 312
105 74 71
247 174 185
355 354 430
25 13 17
68 91 98
300 314 343
6 13 25
258 343 314
451 434 443
25 19 6
430 405 355
149 105 160
355 312 354
480 479 473
495 480 492
405 448 460
443 408 396
267 247 250
478 467 456
52 98 65
453 479 480
258 267 250
29 45 30
480 495 486
91 142 110
110 98 91
185 174 160
250 247 185
19 22 23
250 343 258
448 479 460
36 19 25
97 105 71
17 59 36
312 277 262
343 296 326
23 22 30
250 296 343
65 59 63
36 25 17
30 22 29
183 110 142
486 495 496
405 432 355
405 460 427
427 432 405
451 443 442
442 456 451
45 35 39
355 432 389
59 65 70
110 183 135
19 27 22
460 479 427
453 480 458
480 486 458
183 262 277
36 38 19
497 478 490
427 389 432
110 78 98
78 110 107
110 135 107
65 98 78
476 496 497
78 70 65
489 486 496
453 427 479
489 496 476
497 490 469
60 35 53
312 355 389
219 185 160
277 135 183
97 160 105
469 476 497
36 59 70
219 250 185
312 389 365
365 277 312
478 456 490
97 161 160
453 403 427
41 27 19
71 60 53
398 442 443
161 219 160
398 443 396
468 490 456
389 427 378
250 219 225
225 296 250
403 378 427
38 41 19
45 29 48
35 45 53
453 458 440
71 53 73
70 78 107
22 27 29
365 389 378
277 229 135
73 97 71
468 456 442
70 38 36
107 103 70
310 326 296
135 103 107
310 396 326
490 468 469
403 453 417
135 229 212
396 310 390
277 313 229
103 135 155
365 313 277
29 27 40
489 458 486
212 229 313
344 313 365
73 161 97
41 38 47
365 378 344
417 399 403
212 155 135
296 225 310
403 344 378
440 417 453
45 48 53
442 426 468
398 396 390
399 344 403
76 38 70
70 103 76
219 161 202
48 29 40
442 398 426
458 489 452
128 103 155
73 53 95
384 390 310
399 417 385
219 202 225
38 76 47
476 469 465
66 95 53
390 384 398
41 40 27
313 344 255
212 313 255
469 468 464
426 433 468
212 191 155
255 344 399
463 465 469
468 433 464
440 385 417
191 212 255
113 161 73
385 255 399
458 375 440
225 284 310
464 463 469
384 310 284
489 476 465
47 50 41
50 55 41
76 103 128
452 375 458
55 40 41
73 95 113
398 384 353
48 89 53
398 353 426
385 440 375
47 76 50
202 284 225
255 385 350
452 489 465
48 40 58
66 53 89
155 191 128
76 128 141
385 375 350
425 426 353
425 433 426
113 186 161
50 76 141
161 186 202
40 55 58
384 284 279
433 447 464
109 66 89
384 279 353
58 89 48
291 191 255
109 95 66
375 452 406
109 113 95
186 284 202
255 350 291
465 444 452
350 375 257
55 50 88
128 191 291
410 445 464
463 464 445
444 465 463
445 444 463
406 452 435
444 435 452
447 410 464
257 291 350
141 128 153
284 186 279
128 193 153
425 447 433
88 50 92
109 89 99
193 128 291
268 353 279
279 186 240
58 55 88
99 89 87
58 87 89
291 257 193
268 279 240
444 445 435
375 406 366
386 425 353
151 113 109
88 102 58
406 435 409
409 401 406
141 133 50
366 257 375
248 353 268
353 248 386
113 151 186
151 109 99
447 371 410
50 133 92
425 371 447
240 186 151
410 377 445
371 425 386
366 243 257
409 435 445
243 193 257
144 88 92
200 240 151
153 164 141
193 243 153
177 87 58
144 102 88
409 445 377
141 164 133
102 177 58
200 268 240
268 200 248
401 366 406
243 366 295
133 144 92
200 151 99
377 410 371
328 366 401
295 366 305
243 273 153
328 305 366
371 320 377
273 164 153
87 198 99
401 409 377
273 243 295
401 377 328
248 371 386
177 102 144
200 99 198
144 167 177
177 198 87
167 133 164
200 272 248
272 371 248
164 273 241
133 167 144
328 377 320
320 246 328
320 371 272
305 328 246
198 177 213
221 213 177
221 164 241
278 273 295
198 272 200
278 295 305
246 320 272
278 305 246
273 278 241
167 221 177
198 213 272
213 246 272
167 164 221
221 246 213
241 278 246
241 246 221
