1 2 : 0
1 3 : 0
1 5 : 0
1 8 : 0
1 9 : 0
1 21 : 0
1 22 : 0
1 34 : 0
2 1 : 1
2 3 : 1
2 4 : 1
2 34 : 1
3 1 : 2
3 2 : 2
3 4 : 2
3 5 : 2
3 10 : 2
3 16 : 2
4 2 : 3
4 3 : 3
4 6 : 3
4 11 : 3
4 16 : 3
4 17 : 3
4 34 : 3
5 1 : 4
5 3 : 4
5 8 : 4
5 10 : 4
5 15 : 4
5 19 : 4
6 4 : 5
6 7 : 5
6 11 : 5
6 12 : 5
6 13 : 5
6 14 : 5
6 34 : 5
7 6 : 6
7 11 : 6
7 14 : 6
7 20 : 6
7 26 : 6
8 1 : 7
8 5 : 7
8 15 : 7
8 21 : 7
8 33 : 7
8 43 : 7
9 1 : 8
9 21 : 8
9 22 : 8
9 45 : 8
9 55 : 8
10 3 : 9
10 5 : 9
10 16 : 9
10 19 : 9
10 32 : 9
10 35 : 9
11 4 : 10
11 6 : 10
11 7 : 10
11 17 : 10
11 20 : 10
11 24 : 10
12 6 : 11
12 13 : 11
12 25 : 11
12 34 : 11
12 57 : 11
13 6 : 12
13 12 : 12
13 14 : 12
13 18 : 12
13 25 : 12
13 29 : 12
14 6 : 13
14 7 : 13
14 13 : 13
14 18 : 13
14 26 : 13
15 5 : 14
15 8 : 14
15 19 : 14
15 33 : 14
15 38 : 14
16 3 : 15
16 4 : 15
16 10 : 15
16 17 : 15
16 27 : 15
16 35 : 15
17 4 : 16
17 11 : 16
17 16 : 16
17 24 : 16
17 27 : 16
18 13 : 17
18 14 : 17
18 26 : 17
18 29 : 17
18 37 : 17
18 60 : 17
18 64 : 17
19 5 : 18
19 10 : 18
19 15 : 18
19 32 : 18
19 38 : 18
20 7 : 19
20 11 : 19
20 23 : 19
20 24 : 19
20 26 : 19
20 28 : 19
20 37 : 19
20 39 : 19
20 42 : 19
21 1 : 20
21 8 : 20
21 9 : 20
21 43 : 20
21 55 : 20
21 83 : 20
22 1 : 21
22 9 : 21
22 34 : 21
22 45 : 21
22 57 : 21
23 20 : 22
23 24 : 22
23 28 : 22
23 30 : 22
23 31 : 22
24 11 : 23
24 17 : 23
24 20 : 23
24 23 : 23
24 27 : 23
24 31 : 23
25 12 : 24
25 13 : 24
25 29 : 24
25 57 : 24
25 68 : 24
26 7 : 25
26 14 : 25
26 18 : 25
26 20 : 25
26 37 : 25
27 16 : 26
27 17 : 26
27 24 : 26
27 31 : 26
27 35 : 26
28 20 : 27
28 23 : 27
28 30 : 27
28 41 : 27
28 42 : 27
29 13 : 28
29 18 : 28
29 25 : 28
29 53 : 28
29 64 : 28
29 68 : 28
30 23 : 29
30 28 : 29
30 31 : 29
30 41 : 29
30 46 : 29
30 49 : 29
31 23 : 30
31 24 : 30
31 27 : 30
31 30 : 30
31 35 : 30
31 40 : 30
31 46 : 30
32 10 : 31
32 19 : 31
32 35 : 31
32 38 : 31
32 44 : 31
32 47 : 31
32 50 : 31
32 52 : 31
33 8 : 32
33 15 : 32
33 38 : 32
33 43 : 32
33 62 : 32
34 1 : 33
34 2 : 33
34 4 : 33
34 6 : 33
34 12 : 33
34 22 : 33
34 57 : 33
35 10 : 34
35 16 : 34
35 27 : 34
35 31 : 34
35 32 : 34
35 40 : 34
35 47 : 34
36 40 : 35
36 46 : 35
36 47 : 35
36 54 : 35
36 58 : 35
36 61 : 35
37 18 : 36
37 20 : 36
37 26 : 36
37 39 : 36
37 60 : 36
37 71 : 36
38 15 : 37
38 19 : 37
38 32 : 37
38 33 : 37
38 50 : 37
38 62 : 37
38 65 : 37
39 20 : 38
39 37 : 38
39 42 : 38
39 48 : 38
39 71 : 38
39 77 : 38
40 31 : 39
40 35 : 39
40 36 : 39
40 46 : 39
40 47 : 39
41 28 : 40
41 30 : 40
41 42 : 40
41 49 : 40
41 56 : 40
41 59 : 40
42 20 : 41
42 28 : 41
42 39 : 41
42 41 : 41
42 48 : 41
42 51 : 41
42 56 : 41
43 8 : 42
43 21 : 42
43 33 : 42
43 62 : 42
43 83 : 42
44 32 : 43
44 47 : 43
44 52 : 43
44 70 : 43
44 85 : 43
44 119 : 43
45 9 : 44
45 22 : 44
45 55 : 44
45 57 : 44
45 81 : 44
45 91 : 44
46 30 : 45
46 31 : 45
46 36 : 45
46 40 : 45
46 49 : 45
46 54 : 45
47 32 : 46
47 35 : 46
47 36 : 46
47 40 : 46
47 44 : 46
47 58 : 46
47 70 : 46
47 80 : 46
48 39 : 47
48 42 : 47
48 51 : 47
48 77 : 47
49 30 : 48
49 41 : 48
49 46 : 48
49 54 : 48
49 59 : 48
49 90 : 48
50 32 : 49
50 38 : 49
50 52 : 49
50 65 : 49
50 76 : 49
51 42 : 50
51 48 : 50
51 56 : 50
51 77 : 50
51 89 : 50
51 93 : 50
51 134 : 50
51 142 : 50
52 32 : 51
52 44 : 51
52 50 : 51
52 76 : 51
52 85 : 51
53 29 : 52
53 64 : 52
53 66 : 52
53 68 : 52
53 69 : 52
53 99 : 52
54 36 : 53
54 46 : 53
54 49 : 53
54 61 : 53
54 67 : 53
54 72 : 53
54 74 : 53
54 90 : 53
54 96 : 53
55 9 : 54
55 21 : 54
55 45 : 54
55 73 : 54
55 83 : 54
55 91 : 54
56 41 : 55
56 42 : 55
56 51 : 55
56 59 : 55
56 89 : 55
57 12 : 56
57 22 : 56
57 25 : 56
57 34 : 56
57 45 : 56
57 68 : 56
57 81 : 56
58 36 : 57
58 47 : 57
58 61 : 57
58 63 : 57
58 80 : 57
59 41 : 58
59 49 : 58
59 56 : 58
59 88 : 58
59 89 : 58
59 90 : 58
59 103 : 58
59 178 : 58
60 18 : 59
60 37 : 59
60 64 : 59
60 66 : 59
60 71 : 59
61 36 : 60
61 54 : 60
61 58 : 60
61 63 : 60
61 72 : 60
62 33 : 61
62 38 : 61
62 43 : 61
62 65 : 61
62 78 : 61
62 83 : 61
62 94 : 61
63 58 : 62
63 61 : 62
63 72 : 62
63 75 : 62
63 80 : 62
64 18 : 63
64 29 : 63
64 53 : 63
64 60 : 63
64 66 : 63
65 38 : 64
65 50 : 64
65 62 : 64
65 76 : 64
65 94 : 64
66 53 : 65
66 60 : 65
66 64 : 65
66 71 : 65
66 79 : 65
66 99 : 65
67 54 : 66
67 90 : 66
67 96 : 66
67 110 : 66
68 25 : 67
68 29 : 67
68 53 : 67
68 57 : 67
68 69 : 67
68 81 : 67
69 53 : 68
69 68 : 68
69 81 : 68
69 92 : 68
69 99 : 68
70 44 : 69
70 47 : 69
70 80 : 69
70 107 : 69
70 119 : 69
70 132 : 69
71 37 : 70
71 39 : 70
71 60 : 70
71 66 : 70
71 77 : 70
71 79 : 70
71 104 : 70
71 108 : 70
72 54 : 71
72 61 : 71
72 63 : 71
72 74 : 71
72 75 : 71
72 98 : 71
72 106 : 71
73 55 : 72
73 82 : 72
73 83 : 72
73 86 : 72
73 91 : 72
74 54 : 73
74 72 : 73
74 96 : 73
74 98 : 73
74 114 : 73
74 162 : 73
75 63 : 74
75 72 : 74
75 80 : 74
75 95 : 74
75 106 : 74
75 122 : 74
75 150 : 74
76 50 : 75
76 52 : 75
76 65 : 75
76 85 : 75
76 94 : 75
76 124 : 75
76 126 : 75
77 39 : 76
77 48 : 76
77 51 : 76
77 71 : 76
77 104 : 76
77 129 : 76
77 142 : 76
78 62 : 77
78 83 : 77
78 84 : 77
78 94 : 77
78 101 : 77
79 66 : 78
79 71 : 78
79 99 : 78
79 108 : 78
79 111 : 78
80 47 : 79
80 58 : 79
80 63 : 79
80 70 : 79
80 75 : 79
80 95 : 79
80 107 : 79
81 45 : 80
81 57 : 80
81 68 : 80
81 69 : 80
81 87 : 80
81 91 : 80
81 92 : 80
82 73 : 81
82 86 : 81
82 91 : 81
82 102 : 81
82 113 : 81
83 21 : 82
83 43 : 82
83 55 : 82
83 62 : 82
83 73 : 82
83 78 : 82
83 86 : 82
83 101 : 82
84 78 : 83
84 94 : 83
84 101 : 83
84 105 : 83
84 109 : 83
84 115 : 83
85 44 : 84
85 52 : 84
85 76 : 84
85 119 : 84
85 126 : 84
86 73 : 85
86 82 : 85
86 83 : 85
86 101 : 85
86 105 : 85
86 113 : 85
86 173 : 85
87 81 : 86
87 91 : 86
87 92 : 86
87 112 : 86
87 120 : 86
87 121 : 86
88 59 : 87
88 90 : 87
88 100 : 87
88 178 : 87
88 199 : 87
89 51 : 88
89 56 : 88
89 59 : 88
89 93 : 88
89 103 : 88
89 145 : 88
90 49 : 89
90 54 : 89
90 59 : 89
90 67 : 89
90 88 : 89
90 100 : 89
90 110 : 89
91 45 : 90
91 55 : 90
91 73 : 90
91 81 : 90
91 82 : 90
91 87 : 90
91 97 : 90
91 102 : 90
91 112 : 90
92 69 : 91
92 81 : 91
92 87 : 91
92 99 : 91
92 111 : 91
92 120 : 91
92 143 : 91
93 51 : 92
93 89 : 92
93 134 : 92
93 145 : 92
94 62 : 93
94 65 : 93
94 76 : 93
94 78 : 93
94 84 : 93
94 109 : 93
94 124 : 93
95 75 : 94
95 80 : 94
95 107 : 94
95 122 : 94
95 123 : 94
95 125 : 94
95 137 : 94
95 148 : 94
96 54 : 95
96 67 : 95
96 74 : 95
96 110 : 95
96 114 : 95
97 91 : 96
97 102 : 96
97 112 : 96
97 116 : 96
97 130 : 96
98 72 : 97
98 74 : 97
98 106 : 97
98 161 : 97
98 162 : 97
99 53 : 98
99 66 : 98
99 69 : 98
99 79 : 98
99 92 : 98
99 111 : 98
100 88 : 99
100 90 : 99
100 110 : 99
100 152 : 99
100 199 : 99
100 201 : 99
101 78 : 100
101 83 : 100
101 84 : 100
101 86 : 100
101 105 : 100
102 82 : 101
102 91 : 101
102 97 : 101
102 113 : 101
102 130 : 101
102 167 : 101
103 59 : 102
103 89 : 102
103 145 : 102
103 178 : 102
104 71 : 103
104 77 : 103
104 108 : 103
104 129 : 103
104 136 : 103
104 156 : 103
105 84 : 104
105 86 : 104
105 101 : 104
105 115 : 104
105 118 : 104
105 144 : 104
105 173 : 104
106 72 : 105
106 75 : 105
106 98 : 105
106 150 : 105
106 161 : 105
107 70 : 106
107 80 : 106
107 95 : 106
107 125 : 106
107 132 : 106
107 135 : 106
108 71 : 107
108 79 : 107
108 104 : 107
108 111 : 107
108 136 : 107
109 84 : 108
109 94 : 108
109 115 : 108
109 117 : 108
109 124 : 108
109 128 : 108
110 67 : 109
110 90 : 109
110 96 : 109
110 100 : 109
110 114 : 109
110 152 : 109
111 79 : 110
111 92 : 110
111 99 : 110
111 108 : 110
111 136 : 110
111 143 : 110
111 184 : 110
112 87 : 111
112 91 : 111
112 97 : 111
112 116 : 111
112 121 : 111
112 133 : 111
113 82 : 112
113 86 : 112
113 102 : 112
113 167 : 112
113 173 : 112
114 74 : 113
114 96 : 113
114 110 : 113
114 152 : 113
114 162 : 113
114 187 : 113
115 84 : 114
115 105 : 114
115 109 : 114
115 117 : 114
115 118 : 114
115 127 : 114
115 153 : 114
116 97 : 115
116 112 : 115
116 130 : 115
116 133 : 115
116 155 : 115
116 198 : 115
116 253 : 115
117 109 : 116
117 115 : 116
117 128 : 116
117 139 : 116
117 153 : 116
117 196 : 116
118 105 : 117
118 115 : 117
118 127 : 117
118 144 : 117
118 147 : 117
119 44 : 118
119 70 : 118
119 85 : 118
119 126 : 118
119 132 : 118
119 164 : 118
119 169 : 118
120 87 : 119
120 92 : 119
120 121 : 119
120 143 : 119
120 179 : 119
120 184 : 119
121 87 : 120
121 112 : 120
121 120 : 120
121 133 : 120
121 179 : 120
121 185 : 120
121 200 : 120
122 75 : 121
122 95 : 121
122 123 : 121
122 140 : 121
122 150 : 121
122 166 : 121
122 176 : 121
123 95 : 122
123 122 : 122
123 148 : 122
123 166 : 122
123 176 : 122
123 223 : 122
123 232 : 122
124 76 : 123
124 94 : 123
124 109 : 123
124 126 : 123
124 128 : 123
124 146 : 123
124 171 : 123
125 95 : 124
125 107 : 124
125 135 : 124
125 137 : 124
126 76 : 125
126 85 : 125
126 119 : 125
126 124 : 125
126 146 : 125
126 163 : 125
126 164 : 125
127 115 : 126
127 118 : 126
127 131 : 126
127 141 : 126
127 147 : 126
127 153 : 126
127 182 : 126
128 109 : 127
128 117 : 127
128 124 : 127
128 139 : 127
128 149 : 127
128 171 : 127
129 77 : 128
129 104 : 128
129 142 : 128
129 154 : 128
129 156 : 128
129 192 : 128
129 194 : 128
129 292 : 128
130 97 : 129
130 102 : 129
130 116 : 129
130 167 : 129
130 183 : 129
130 198 : 129
130 234 : 129
131 127 : 130
131 141 : 130
131 151 : 130
131 153 : 130
132 70 : 131
132 107 : 131
132 119 : 131
132 135 : 131
132 157 : 131
132 169 : 131
133 112 : 132
133 116 : 132
133 121 : 132
133 155 : 132
133 185 : 132
134 51 : 133
134 93 : 133
134 142 : 133
134 145 : 133
134 165 : 133
134 168 : 133
135 107 : 134
135 125 : 134
135 132 : 134
135 137 : 134
135 138 : 134
135 157 : 134
135 170 : 134
136 104 : 135
136 108 : 135
136 111 : 135
136 156 : 135
136 184 : 135
136 213 : 135
136 230 : 135
136 278 : 135
137 95 : 136
137 125 : 136
137 135 : 136
137 148 : 136
137 159 : 136
137 160 : 136
137 170 : 136
138 135 : 137
138 157 : 137
138 170 : 137
139 117 : 138
139 128 : 138
139 149 : 138
139 174 : 138
139 196 : 138
140 122 : 139
140 150 : 139
140 175 : 139
140 176 : 139
140 204 : 139
141 127 : 140
141 131 : 140
141 151 : 140
141 182 : 140
141 207 : 140
142 51 : 141
142 77 : 141
142 129 : 141
142 134 : 141
142 154 : 141
142 165 : 141
143 92 : 142
143 111 : 142
143 120 : 142
143 184 : 142
144 105 : 143
144 118 : 143
144 147 : 143
144 172 : 143
144 173 : 143
144 181 : 143
145 89 : 144
145 93 : 144
145 103 : 144
145 134 : 144
145 168 : 144
145 178 : 144
146 124 : 145
146 126 : 145
146 163 : 145
146 171 : 145
146 180 : 145
147 118 : 146
147 127 : 146
147 144 : 146
147 158 : 146
147 181 : 146
147 182 : 146
148 95 : 147
148 123 : 147
148 137 : 147
148 159 : 147
148 232 : 147
149 128 : 148
149 139 : 148
149 171 : 148
149 174 : 148
149 197 : 148
149 267 : 148
150 75 : 149
150 106 : 149
150 122 : 149
150 140 : 149
150 161 : 149
150 175 : 149
151 131 : 150
151 141 : 150
151 153 : 150
151 207 : 150
151 221 : 150
152 100 : 151
152 110 : 151
152 114 : 151
152 187 : 151
152 201 : 151
152 241 : 151
153 115 : 152
153 117 : 152
153 127 : 152
153 131 : 152
153 151 : 152
153 196 : 152
153 221 : 152
154 129 : 153
154 142 : 153
154 165 : 153
154 194 : 153
154 244 : 153
154 274 : 153
155 116 : 154
155 133 : 154
155 185 : 154
155 253 : 154
156 104 : 155
156 129 : 155
156 136 : 155
156 192 : 155
156 213 : 155
157 132 : 156
157 135 : 156
157 138 : 156
157 169 : 156
157 170 : 156
157 177 : 156
157 191 : 156
157 193 : 156
158 147 : 157
158 181 : 157
158 182 : 157
158 188 : 157
158 211 : 157
159 137 : 158
159 148 : 158
159 160 : 158
159 190 : 158
159 232 : 158
160 137 : 159
160 159 : 159
160 170 : 159
160 190 : 159
160 195 : 159
161 98 : 160
161 106 : 160
161 150 : 160
161 162 : 160
161 175 : 160
161 186 : 160
161 220 : 160
162 74 : 161
162 98 : 161
162 114 : 161
162 161 : 161
162 187 : 161
162 203 : 161
162 220 : 161
163 126 : 162
163 146 : 162
163 164 : 162
163 180 : 162
163 208 : 162
164 119 : 163
164 126 : 163
164 163 : 163
164 169 : 163
164 202 : 163
164 208 : 163
165 134 : 164
165 142 : 164
165 154 : 164
165 168 : 164
165 222 : 164
165 242 : 164
165 274 : 164
166 122 : 165
166 123 : 165
166 176 : 165
167 102 : 166
167 113 : 166
167 130 : 166
167 172 : 166
167 173 : 166
167 183 : 166
167 219 : 166
168 134 : 167
168 145 : 167
168 165 : 167
168 178 : 167
168 222 : 167
169 119 : 168
169 132 : 168
169 157 : 168
169 164 : 168
169 191 : 168
169 202 : 168
170 135 : 169
170 137 : 169
170 138 : 169
170 157 : 169
170 160 : 169
170 177 : 169
170 195 : 169
171 124 : 170
171 128 : 170
171 146 : 170
171 149 : 170
171 180 : 170
171 197 : 170
171 235 : 170
172 144 : 171
172 167 : 171
172 173 : 171
172 181 : 171
172 212 : 171
172 219 : 171
172 229 : 171
173 86 : 172
173 105 : 172
173 113 : 172
173 144 : 172
173 167 : 172
173 172 : 172
174 139 : 173
174 149 : 173
174 196 : 173
174 267 : 173
175 140 : 174
175 150 : 174
175 161 : 174
175 186 : 174
175 204 : 174
175 248 : 174
176 122 : 175
176 123 : 175
176 140 : 175
176 166 : 175
176 189 : 175
176 204 : 175
176 223 : 175
176 228 : 175
177 157 : 176
177 170 : 176
177 193 : 176
177 195 : 176
178 59 : 177
178 88 : 177
178 103 : 177
178 145 : 177
178 168 : 177
178 199 : 177
178 214 : 177
178 222 : 177
179 120 : 178
179 121 : 178
179 184 : 178
179 200 : 178
179 263 : 178
179 265 : 178
180 146 : 179
180 163 : 179
180 171 : 179
180 208 : 179
180 235 : 179
181 144 : 180
181 147 : 180
181 158 : 180
181 172 : 180
181 188 : 180
181 229 : 180
182 127 : 181
182 141 : 181
182 147 : 181
182 158 : 181
182 207 : 181
182 211 : 181
183 130 : 182
183 167 : 182
183 218 : 182
183 219 : 182
183 234 : 182
184 111 : 183
184 120 : 183
184 136 : 183
184 143 : 183
184 179 : 183
184 263 : 183
184 278 : 183
185 121 : 184
185 133 : 184
185 155 : 184
185 200 : 184
185 253 : 184
186 161 : 185
186 175 : 185
186 220 : 185
186 248 : 185
186 251 : 185
187 114 : 186
187 152 : 186
187 162 : 186
187 203 : 186
187 241 : 186
187 280 : 186
187 285 : 186
188 158 : 187
188 181 : 187
188 211 : 187
188 229 : 187
188 246 : 187
188 282 : 187
189 176 : 188
189 215 : 188
189 223 : 188
189 228 : 188
189 271 : 188
190 159 : 189
190 160 : 189
190 195 : 189
190 206 : 189
190 217 : 189
190 232 : 189
190 240 : 189
191 157 : 190
191 169 : 190
191 193 : 190
191 202 : 190
191 210 : 190
191 216 : 190
191 233 : 190
192 129 : 191
192 156 : 191
192 213 : 191
192 256 : 191
192 292 : 191
193 157 : 192
193 177 : 192
193 191 : 192
193 195 : 192
193 210 : 192
194 129 : 193
194 154 : 193
194 244 : 193
194 258 : 193
194 292 : 193
195 160 : 194
195 170 : 194
195 177 : 194
195 190 : 194
195 193 : 194
195 206 : 194
195 210 : 194
196 117 : 195
196 139 : 195
196 153 : 195
196 174 : 195
196 205 : 195
196 221 : 195
196 225 : 195
196 267 : 195
197 149 : 196
197 171 : 196
197 235 : 196
197 257 : 196
197 267 : 196
198 116 : 197
198 130 : 197
198 224 : 197
198 234 : 197
198 253 : 197
198 288 : 197
199 88 : 198
199 100 : 198
199 178 : 198
199 201 : 198
199 214 : 198
199 273 : 198
200 121 : 199
200 179 : 199
200 185 : 199
200 253 : 199
200 265 : 199
201 100 : 200
201 152 : 200
201 199 : 200
201 241 : 200
201 249 : 200
201 269 : 200
201 273 : 200
202 164 : 201
202 169 : 201
202 191 : 201
202 208 : 201
202 216 : 201
202 309 : 201
202 346 : 201
203 162 : 202
203 187 : 202
203 220 : 202
203 226 : 202
203 285 : 202
204 140 : 203
204 175 : 203
204 176 : 203
204 228 : 203
204 248 : 203
204 259 : 203
204 268 : 203
204 271 : 203
205 196 : 204
205 221 : 204
205 225 : 204
205 255 : 204
205 270 : 204
206 190 : 205
206 195 : 205
206 210 : 205
206 227 : 205
206 240 : 205
207 141 : 206
207 151 : 206
207 182 : 206
207 211 : 206
207 221 : 206
207 237 : 206
207 238 : 206
207 270 : 206
208 163 : 207
208 164 : 207
208 180 : 207
208 202 : 207
208 235 : 207
208 346 : 207
209 212 : 208
209 218 : 208
209 219 : 208
209 231 : 208
209 239 : 208
210 191 : 209
210 193 : 209
210 195 : 209
210 206 : 209
210 227 : 209
210 233 : 209
211 158 : 210
211 182 : 210
211 188 : 210
211 207 : 210
211 237 : 210
211 282 : 210
212 172 : 211
212 209 : 211
212 219 : 211
212 229 : 211
212 231 : 211
212 245 : 211
213 136 : 212
213 156 : 212
213 192 : 212
213 230 : 212
213 256 : 212
213 314 : 212
214 178 : 213
214 199 : 213
214 222 : 213
214 247 : 213
214 273 : 213
215 189 : 214
215 223 : 214
215 232 : 214
215 243 : 214
215 271 : 214
215 276 : 214
216 191 : 215
216 202 : 215
216 233 : 215
216 252 : 215
216 309 : 215
217 190 : 216
217 232 : 216
217 240 : 216
217 243 : 216
217 266 : 216
217 272 : 216
218 183 : 217
218 209 : 217
218 219 : 217
218 234 : 217
218 236 : 217
218 239 : 217
218 277 : 217
219 167 : 218
219 172 : 218
219 183 : 218
219 209 : 218
219 212 : 218
219 218 : 218
220 161 : 219
220 162 : 219
220 186 : 219
220 203 : 219
220 226 : 219
220 251 : 219
221 151 : 220
221 153 : 220
221 196 : 220
221 205 : 220
221 207 : 220
221 270 : 220
222 165 : 221
222 168 : 221
222 178 : 221
222 214 : 221
222 242 : 221
222 247 : 221
223 123 : 222
223 176 : 222
223 189 : 222
223 215 : 222
223 232 : 222
224 198 : 223
224 234 : 223
224 264 : 223
224 288 : 223
224 298 : 223
225 196 : 224
225 205 : 224
225 255 : 224
225 267 : 224
226 203 : 225
226 220 : 225
226 251 : 225
226 285 : 225
226 297 : 225
226 311 : 225
227 206 : 226
227 210 : 226
227 233 : 226
227 240 : 226
227 261 : 226
227 275 : 226
228 176 : 227
228 189 : 227
228 204 : 227
228 271 : 227
229 172 : 228
229 181 : 228
229 188 : 228
229 212 : 228
229 245 : 228
229 246 : 228
229 262 : 228
230 136 : 229
230 213 : 229
230 278 : 229
230 314 : 229
231 209 : 230
231 212 : 230
231 239 : 230
231 245 : 230
231 281 : 230
232 123 : 231
232 148 : 231
232 159 : 231
232 190 : 231
232 215 : 231
232 217 : 231
232 223 : 231
232 243 : 231
233 191 : 232
233 210 : 232
233 216 : 232
233 227 : 232
233 250 : 232
233 252 : 232
233 275 : 232
234 130 : 233
234 183 : 233
234 198 : 233
234 218 : 233
234 224 : 233
234 236 : 233
234 254 : 233
234 260 : 233
234 298 : 233
235 171 : 234
235 180 : 234
235 197 : 234
235 208 : 234
235 257 : 234
235 308 : 234
235 319 : 234
235 346 : 234
236 218 : 235
236 234 : 235
236 254 : 235
236 277 : 235
237 207 : 236
237 211 : 236
237 238 : 236
237 270 : 236
237 282 : 236
237 316 : 236
238 207 : 237
238 237 : 237
238 270 : 237
239 209 : 238
239 218 : 238
239 231 : 238
239 277 : 238
239 281 : 238
240 190 : 239
240 206 : 239
240 217 : 239
240 227 : 239
240 261 : 239
240 266 : 239
240 286 : 239
241 152 : 240
241 187 : 240
241 201 : 240
241 269 : 240
241 280 : 240
242 165 : 241
242 222 : 241
242 247 : 241
242 274 : 241
242 279 : 241
243 215 : 242
243 217 : 242
243 232 : 242
243 272 : 242
243 276 : 242
243 310 : 242
244 154 : 243
244 194 : 243
244 258 : 243
244 274 : 243
244 296 : 243
244 367 : 243
245 212 : 244
245 229 : 244
245 231 : 244
245 262 : 244
245 281 : 244
245 290 : 244
245 324 : 244
246 188 : 245
246 229 : 245
246 262 : 245
246 282 : 245
246 291 : 245
246 293 : 245
247 214 : 246
247 222 : 246
247 242 : 246
247 273 : 246
247 279 : 246
247 306 : 246
247 321 : 246
247 329 : 246
248 175 : 247
248 186 : 247
248 204 : 247
248 251 : 247
248 268 : 247
249 201 : 248
249 269 : 248
249 273 : 248
249 354 : 248
249 372 : 248
249 387 : 248
250 233 : 249
250 252 : 249
250 275 : 249
250 294 : 249
251 186 : 250
251 220 : 250
251 226 : 250
251 248 : 250
251 259 : 250
251 268 : 250
251 297 : 250
251 344 : 250
252 216 : 251
252 233 : 251
252 250 : 251
252 294 : 251
252 304 : 251
252 309 : 251
253 116 : 252
253 155 : 252
253 185 : 252
253 198 : 252
253 200 : 252
253 265 : 252
253 288 : 252
254 234 : 253
254 236 : 253
254 260 : 253
254 277 : 253
254 299 : 253
254 332 : 253
255 205 : 254
255 225 : 254
255 267 : 254
255 270 : 254
255 300 : 254
255 307 : 254
256 192 : 255
256 213 : 255
256 292 : 255
256 314 : 255
256 345 : 255
256 351 : 255
256 386 : 255
256 400 : 255
257 197 : 256
257 235 : 256
257 267 : 256
257 307 : 256
257 308 : 256
257 335 : 256
258 194 : 257
258 244 : 257
258 292 : 257
258 351 : 257
258 367 : 257
258 376 : 257
259 204 : 258
259 251 : 258
259 268 : 258
259 271 : 258
259 315 : 258
259 344 : 258
260 234 : 259
260 254 : 259
260 298 : 259
260 299 : 259
260 302 : 259
261 227 : 260
261 240 : 260
261 275 : 260
261 286 : 260
261 289 : 260
262 229 : 261
262 245 : 261
262 246 : 261
262 290 : 261
262 291 : 261
263 179 : 262
263 184 : 262
263 265 : 262
263 278 : 262
263 287 : 262
263 313 : 262
264 224 : 263
264 283 : 263
264 288 : 263
264 298 : 263
264 333 : 263
265 179 : 264
265 200 : 264
265 253 : 264
265 263 : 264
265 287 : 264
265 288 : 264
266 217 : 265
266 240 : 265
266 272 : 265
266 284 : 265
266 286 : 265
266 312 : 265
266 320 : 265
266 336 : 265
267 149 : 266
267 174 : 266
267 196 : 266
267 197 : 266
267 225 : 266
267 255 : 266
267 257 : 266
267 307 : 266
268 204 : 267
268 248 : 267
268 251 : 267
268 259 : 267
269 201 : 268
269 241 : 268
269 249 : 268
269 280 : 268
269 354 : 268
270 205 : 269
270 207 : 269
270 221 : 269
270 237 : 269
270 238 : 269
270 255 : 269
270 300 : 269
270 316 : 269
270 317 : 269
270 334 : 269
271 189 : 270
271 204 : 270
271 215 : 270
271 228 : 270
271 259 : 270
271 276 : 270
271 315 : 270
272 217 : 271
272 243 : 271
272 266 : 271
272 284 : 271
272 310 : 271
272 320 : 271
272 340 : 271
273 199 : 272
273 201 : 272
273 214 : 272
273 247 : 272
273 249 : 272
273 321 : 272
273 372 : 272
274 154 : 273
274 165 : 273
274 242 : 273
274 244 : 273
274 279 : 273
274 296 : 273
275 227 : 274
275 233 : 274
275 250 : 274
275 261 : 274
275 289 : 274
275 294 : 274
276 215 : 275
276 243 : 275
276 271 : 275
276 301 : 275
276 310 : 275
276 315 : 275
276 348 : 275
277 218 : 276
277 236 : 276
277 239 : 276
277 254 : 276
277 281 : 276
277 332 : 276
278 136 : 277
278 184 : 277
278 230 : 277
278 263 : 277
278 313 : 277
278 314 : 277
278 366 : 277
279 242 : 278
279 247 : 278
279 274 : 278
279 296 : 278
279 306 : 278
280 187 : 279
280 241 : 279
280 269 : 279
280 285 : 279
280 354 : 279
280 385 : 279
281 231 : 280
281 239 : 280
281 245 : 280
281 277 : 280
281 324 : 280
281 332 : 280
281 350 : 280
282 188 : 281
282 211 : 281
282 237 : 281
282 246 : 281
282 293 : 281
282 316 : 281
283 264 : 282
283 288 : 282
283 305 : 282
283 318 : 282
283 333 : 282
284 266 : 283
284 272 : 283
284 320 : 283
285 187 : 284
285 203 : 284
285 226 : 284
285 280 : 284
285 311 : 284
285 385 : 284
286 240 : 285
286 261 : 285
286 266 : 285
286 289 : 285
286 303 : 285
286 312 : 285
287 263 : 286
287 265 : 286
287 288 : 286
287 305 : 286
287 313 : 286
287 323 : 286
287 355 : 286
288 198 : 287
288 224 : 287
288 253 : 287
288 264 : 287
288 265 : 287
288 283 : 287
288 287 : 287
288 305 : 287
289 261 : 288
289 275 : 288
289 286 : 288
289 294 : 288
289 303 : 288
289 331 : 288
289 341 : 288
290 245 : 289
290 262 : 289
290 291 : 289
290 324 : 289
290 358 : 289
290 371 : 289
290 380 : 289
291 246 : 290
291 262 : 290
291 290 : 290
291 293 : 290
291 374 : 290
291 380 : 290
292 129 : 291
292 192 : 291
292 194 : 291
292 256 : 291
292 258 : 291
292 351 : 291
293 246 : 292
293 282 : 292
293 291 : 292
293 316 : 292
293 343 : 292
293 361 : 292
293 374 : 292
294 250 : 293
294 252 : 293
294 275 : 293
294 289 : 293
294 304 : 293
294 325 : 293
294 341 : 293
295 326 : 294
295 346 : 294
295 357 : 294
295 359 : 294
295 375 : 294
296 244 : 295
296 274 : 295
296 279 : 295
296 306 : 295
296 367 : 295
297 226 : 296
297 251 : 296
297 311 : 296
297 327 : 296
297 344 : 296
298 224 : 297
298 234 : 297
298 260 : 297
298 264 : 297
298 302 : 297
298 333 : 297
299 254 : 298
299 260 : 298
299 302 : 298
299 330 : 298
299 332 : 298
300 255 : 299
300 270 : 299
300 307 : 299
300 317 : 299
300 335 : 299
300 338 : 299
301 276 : 300
301 315 : 300
301 344 : 300
301 348 : 300
302 260 : 301
302 298 : 301
302 299 : 301
302 330 : 301
302 333 : 301
303 286 : 302
303 289 : 302
303 312 : 302
303 331 : 302
304 252 : 303
304 294 : 303
304 309 : 303
304 325 : 303
304 326 : 303
304 328 : 303
305 283 : 304
305 287 : 304
305 288 : 304
305 318 : 304
305 322 : 304
305 323 : 304
306 247 : 305
306 279 : 305
306 296 : 305
306 329 : 305
306 367 : 305
307 255 : 306
307 257 : 306
307 267 : 306
307 300 : 306
307 335 : 306
308 235 : 307
308 257 : 307
308 319 : 307
308 335 : 307
308 347 : 307
309 202 : 308
309 216 : 308
309 252 : 308
309 304 : 308
309 326 : 308
309 346 : 308
310 243 : 309
310 272 : 309
310 276 : 309
310 340 : 309
310 348 : 309
311 226 : 310
311 285 : 310
311 297 : 310
311 327 : 310
311 385 : 310
311 391 : 310
311 397 : 310
312 266 : 311
312 286 : 311
312 303 : 311
312 331 : 311
312 336 : 311
312 352 : 311
313 263 : 312
313 278 : 312
313 287 : 312
313 355 : 312
313 356 : 312
313 366 : 312
313 390 : 312
314 213 : 313
314 230 : 313
314 256 : 313
314 278 : 313
314 345 : 313
314 366 : 313
315 259 : 314
315 271 : 314
315 276 : 314
315 301 : 314
315 344 : 314
316 237 : 315
316 270 : 315
316 282 : 315
316 293 : 315
316 334 : 315
316 361 : 315
317 270 : 316
317 300 : 316
317 334 : 316
317 338 : 316
317 360 : 316
317 408 : 316
318 283 : 317
318 305 : 317
318 322 : 317
318 330 : 317
318 333 : 317
319 235 : 318
319 308 : 318
319 346 : 318
319 347 : 318
320 266 : 319
320 272 : 319
320 284 : 319
320 336 : 319
320 340 : 319
321 247 : 320
321 273 : 320
321 329 : 320
321 372 : 320
321 378 : 320
322 305 : 321
322 318 : 321
322 323 : 321
322 330 : 321
322 342 : 321
322 349 : 321
322 353 : 321
323 287 : 322
323 305 : 322
323 322 : 322
323 342 : 322
323 355 : 322
323 401 : 322
324 245 : 323
324 281 : 323
324 290 : 323
324 350 : 323
324 371 : 323
324 398 : 323
325 294 : 324
325 304 : 324
325 328 : 324
325 337 : 324
325 339 : 324
325 341 : 324
326 295 : 325
326 304 : 325
326 309 : 325
326 328 : 325
326 346 : 325
326 357 : 325
326 403 : 325
327 297 : 326
327 311 : 326
327 344 : 326
327 363 : 326
327 397 : 326
328 304 : 327
328 325 : 327
328 326 : 327
328 339 : 327
328 388 : 327
328 403 : 327
329 247 : 328
329 306 : 328
329 321 : 328
329 367 : 328
329 378 : 328
329 402 : 328
330 299 : 329
330 302 : 329
330 318 : 329
330 322 : 329
330 332 : 329
330 333 : 329
330 353 : 329
330 365 : 329
330 369 : 329
331 289 : 330
331 303 : 330
331 312 : 330
331 337 : 330
331 339 : 330
331 341 : 330
331 352 : 330
332 254 : 331
332 277 : 331
332 281 : 331
332 299 : 331
332 330 : 331
332 350 : 331
332 365 : 331
332 393 : 331
333 264 : 332
333 283 : 332
333 298 : 332
333 302 : 332
333 318 : 332
333 330 : 332
334 270 : 333
334 316 : 333
334 317 : 333
334 360 : 333
334 361 : 333
335 257 : 334
335 300 : 334
335 307 : 334
335 308 : 334
335 338 : 334
335 347 : 334
335 382 : 334
336 266 : 335
336 312 : 335
336 320 : 335
336 340 : 335
336 352 : 335
336 362 : 335
336 364 : 335
337 325 : 336
337 331 : 336
337 339 : 336
337 341 : 336
338 300 : 337
338 317 : 337
338 335 : 337
338 373 : 337
338 382 : 337
338 408 : 337
339 325 : 338
339 328 : 338
339 331 : 338
339 337 : 338
339 352 : 338
339 388 : 338
340 272 : 339
340 310 : 339
340 320 : 339
340 336 : 339
340 348 : 339
340 364 : 339
340 381 : 339
341 289 : 340
341 294 : 340
341 325 : 340
341 331 : 340
341 337 : 340
342 322 : 341
342 323 : 341
342 349 : 341
342 401 : 341
343 293 : 342
343 361 : 342
343 370 : 342
343 374 : 342
344 251 : 343
344 259 : 343
344 297 : 343
344 301 : 343
344 315 : 343
344 327 : 343
344 348 : 343
344 363 : 343
344 381 : 343
345 256 : 344
345 314 : 344
345 366 : 344
345 379 : 344
345 400 : 344
345 404 : 344
346 202 : 345
346 208 : 345
346 235 : 345
346 295 : 345
346 309 : 345
346 319 : 345
346 326 : 345
346 347 : 345
346 359 : 345
346 368 : 345
347 308 : 346
347 319 : 346
347 335 : 346
347 346 : 346
347 368 : 346
347 382 : 346
347 389 : 346
348 276 : 347
348 301 : 347
348 310 : 347
348 340 : 347
348 344 : 347
348 381 : 347
349 322 : 348
349 342 : 348
349 353 : 348
349 377 : 348
349 392 : 348
349 401 : 348
350 281 : 349
350 324 : 349
350 332 : 349
350 393 : 349
350 398 : 349
350 416 : 349
351 256 : 350
351 258 : 350
351 292 : 350
351 376 : 350
351 386 : 350
352 312 : 351
352 331 : 351
352 336 : 351
352 339 : 351
352 362 : 351
352 383 : 351
352 388 : 351
353 322 : 352
353 330 : 352
353 349 : 352
353 369 : 352
353 377 : 352
354 249 : 353
354 269 : 353
354 280 : 353
354 385 : 353
354 387 : 353
354 399 : 353
354 426 : 353
354 427 : 353
355 287 : 354
355 313 : 354
355 323 : 354
355 356 : 354
355 401 : 354
355 412 : 354
355 431 : 354
356 313 : 355
356 355 : 355
356 390 : 355
356 406 : 355
356 431 : 355
356 433 : 355
357 295 : 356
357 326 : 356
357 375 : 356
357 403 : 356
357 422 : 356
358 290 : 357
358 371 : 357
358 380 : 357
358 396 : 357
358 413 : 357
359 295 : 358
359 346 : 358
359 368 : 358
359 375 : 358
359 417 : 358
359 420 : 358
359 423 : 358
360 317 : 359
360 334 : 359
360 361 : 359
360 370 : 359
360 395 : 359
360 408 : 359
361 293 : 360
361 316 : 360
361 334 : 360
361 343 : 360
361 360 : 360
361 370 : 360
362 336 : 361
362 352 : 361
362 364 : 361
362 383 : 361
362 384 : 361
363 327 : 362
363 344 : 362
363 381 : 362
363 384 : 362
363 397 : 362
363 409 : 362
364 336 : 363
364 340 : 363
364 362 : 363
364 381 : 363
364 384 : 363
365 330 : 364
365 332 : 364
365 369 : 364
365 393 : 364
366 278 : 365
366 313 : 365
366 314 : 365
366 345 : 365
366 379 : 365
366 390 : 365
367 244 : 366
367 258 : 366
367 296 : 366
367 306 : 366
367 329 : 366
367 376 : 366
367 402 : 366
367 407 : 366
368 346 : 367
368 347 : 367
368 359 : 367
368 389 : 367
368 415 : 367
368 417 : 367
369 330 : 368
369 353 : 368
369 365 : 368
369 377 : 368
369 393 : 368
369 425 : 368
369 429 : 368
370 343 : 369
370 360 : 369
370 361 : 369
370 374 : 369
370 395 : 369
370 421 : 369
371 290 : 370
371 324 : 370
371 358 : 370
371 398 : 370
371 413 : 370
372 249 : 371
372 273 : 371
372 321 : 371
372 378 : 371
372 387 : 371
372 411 : 371
372 426 : 371
372 448 : 371
373 338 : 372
373 382 : 372
373 389 : 372
373 394 : 372
373 408 : 372
374 291 : 373
374 293 : 373
374 343 : 373
374 370 : 373
374 380 : 373
374 421 : 373
375 295 : 374
375 357 : 374
375 359 : 374
375 422 : 374
375 423 : 374
376 258 : 375
376 351 : 375
376 367 : 375
376 386 : 375
376 407 : 375
376 441 : 375
376 453 : 375
376 459 : 375
377 349 : 376
377 353 : 376
377 369 : 376
377 392 : 376
377 401 : 376
377 425 : 376
378 321 : 377
378 329 : 377
378 372 : 377
378 402 : 377
378 410 : 377
378 411 : 377
378 446 : 377
379 345 : 378
379 366 : 378
379 390 : 378
379 404 : 378
379 428 : 378
380 290 : 379
380 291 : 379
380 358 : 379
380 374 : 379
380 396 : 379
380 421 : 379
381 340 : 380
381 344 : 380
381 348 : 380
381 363 : 380
381 364 : 380
381 384 : 380
382 335 : 381
382 338 : 381
382 347 : 381
382 373 : 381
382 389 : 381
383 352 : 382
383 362 : 382
383 384 : 382
383 388 : 382
384 362 : 383
384 363 : 383
384 364 : 383
384 381 : 383
384 383 : 383
384 388 : 383
384 405 : 383
384 409 : 383
385 280 : 384
385 285 : 384
385 311 : 384
385 354 : 384
385 391 : 384
385 399 : 384
386 256 : 385
386 351 : 385
386 376 : 385
386 400 : 385
386 418 : 385
386 441 : 385
387 249 : 386
387 354 : 386
387 372 : 386
387 426 : 386
388 328 : 387
388 339 : 387
388 352 : 387
388 383 : 387
388 384 : 387
388 403 : 387
388 405 : 387
389 347 : 388
389 368 : 388
389 373 : 388
389 382 : 388
389 394 : 388
389 415 : 388
390 313 : 389
390 356 : 389
390 366 : 389
390 379 : 389
390 428 : 389
390 433 : 389
391 311 : 390
391 385 : 390
391 397 : 390
391 399 : 390
392 349 : 391
392 377 : 391
392 401 : 391
393 332 : 392
393 350 : 392
393 365 : 392
393 369 : 392
393 416 : 392
393 429 : 392
394 373 : 393
394 389 : 393
394 395 : 393
394 396 : 393
394 408 : 393
394 415 : 393
394 419 : 393
395 360 : 394
395 370 : 394
395 394 : 394
395 396 : 394
395 408 : 394
395 421 : 394
396 358 : 395
396 380 : 395
396 394 : 395
396 395 : 395
396 413 : 395
396 414 : 395
396 419 : 395
396 421 : 395
397 311 : 396
397 327 : 396
397 363 : 396
397 391 : 396
397 399 : 396
397 409 : 396
397 444 : 396
398 324 : 397
398 350 : 397
398 371 : 397
398 413 : 397
398 416 : 397
398 424 : 397
399 354 : 398
399 385 : 398
399 391 : 398
399 397 : 398
399 427 : 398
399 443 : 398
399 444 : 398
400 256 : 399
400 345 : 399
400 386 : 399
400 404 : 399
400 418 : 399
401 323 : 400
401 342 : 400
401 349 : 400
401 355 : 400
401 377 : 400
401 392 : 400
401 412 : 400
401 425 : 400
402 329 : 401
402 367 : 401
402 378 : 401
402 407 : 401
402 410 : 401
403 326 : 402
403 328 : 402
403 357 : 402
403 388 : 402
403 405 : 402
403 422 : 402
404 345 : 403
404 379 : 403
404 400 : 403
404 418 : 403
404 428 : 403
404 454 : 403
405 384 : 404
405 388 : 404
405 403 : 404
405 409 : 404
405 422 : 404
405 435 : 404
405 452 : 404
406 356 : 405
406 428 : 405
406 431 : 405
406 432 : 405
406 433 : 405
406 449 : 405
406 461 : 405
407 367 : 406
407 376 : 406
407 402 : 406
407 410 : 406
407 436 : 406
407 453 : 406
408 317 : 407
408 338 : 407
408 360 : 407
408 373 : 407
408 394 : 407
408 395 : 407
409 363 : 408
409 384 : 408
409 397 : 408
409 405 : 408
409 435 : 408
409 444 : 408
410 378 : 409
410 402 : 409
410 407 : 409
410 436 : 409
410 446 : 409
411 372 : 410
411 378 : 410
411 446 : 410
411 448 : 410
411 465 : 410
412 355 : 411
412 401 : 411
412 425 : 411
412 431 : 411
412 440 : 411
412 451 : 411
413 358 : 412
413 371 : 412
413 396 : 412
413 398 : 412
413 414 : 412
413 424 : 412
414 396 : 413
414 413 : 413
414 417 : 413
414 419 : 413
414 420 : 413
414 424 : 413
414 430 : 413
415 368 : 414
415 389 : 414
415 394 : 414
415 417 : 414
415 419 : 414
416 350 : 415
416 393 : 415
416 398 : 415
416 424 : 415
416 429 : 415
416 437 : 415
417 359 : 416
417 368 : 416
417 414 : 416
417 415 : 416
417 419 : 416
417 420 : 416
418 386 : 417
418 400 : 417
418 404 : 417
418 441 : 417
418 454 : 417
419 394 : 418
419 396 : 418
419 414 : 418
419 415 : 418
419 417 : 418
420 359 : 419
420 414 : 419
420 417 : 419
420 423 : 419
420 430 : 419
420 442 : 419
420 450 : 419
421 370 : 420
421 374 : 420
421 380 : 420
421 395 : 420
421 396 : 420
422 357 : 421
422 375 : 421
422 403 : 421
422 405 : 421
422 423 : 421
422 442 : 421
422 452 : 421
422 468 : 421
422 473 : 421
423 359 : 422
423 375 : 422
423 420 : 422
423 422 : 422
423 442 : 422
424 398 : 423
424 413 : 423
424 414 : 423
424 416 : 423
424 430 : 423
424 437 : 423
424 438 : 423
424 439 : 423
425 369 : 424
425 377 : 424
425 401 : 424
425 412 : 424
425 429 : 424
425 437 : 424
425 447 : 424
425 451 : 424
426 354 : 425
426 372 : 425
426 387 : 425
426 427 : 425
426 434 : 425
426 448 : 425
427 354 : 426
427 399 : 426
427 426 : 426
427 434 : 426
427 443 : 426
427 469 : 426
428 379 : 427
428 390 : 427
428 404 : 427
428 406 : 427
428 433 : 427
428 454 : 427
428 461 : 427
428 480 : 427
429 369 : 428
429 393 : 428
429 416 : 428
429 425 : 428
429 437 : 428
430 414 : 429
430 420 : 429
430 424 : 429
430 439 : 429
430 450 : 429
431 355 : 430
431 356 : 430
431 406 : 430
431 412 : 430
431 432 : 430
431 440 : 430
432 406 : 431
432 431 : 431
432 440 : 431
432 449 : 431
432 455 : 431
432 474 : 431
433 356 : 432
433 390 : 432
433 406 : 432
433 428 : 432
434 426 : 433
434 427 : 433
434 448 : 433
434 465 : 433
434 469 : 433
435 405 : 434
435 409 : 434
435 444 : 434
435 452 : 434
436 407 : 435
436 410 : 435
436 445 : 435
436 446 : 435
436 453 : 435
437 416 : 436
437 424 : 436
437 425 : 436
437 429 : 436
437 438 : 436
437 447 : 436
438 424 : 437
438 437 : 437
438 439 : 437
438 447 : 437
438 458 : 437
438 462 : 437
438 463 : 437
439 424 : 438
439 430 : 438
439 438 : 438
439 450 : 438
439 458 : 438
440 412 : 439
440 431 : 439
440 432 : 439
440 451 : 439
440 455 : 439
440 460 : 439
440 488 : 439
441 376 : 440
441 386 : 440
441 418 : 440
441 454 : 440
441 459 : 440
442 420 : 441
442 422 : 441
442 423 : 441
442 450 : 441
442 456 : 441
442 472 : 441
442 473 : 441
442 483 : 441
443 399 : 442
443 427 : 442
443 444 : 442
443 452 : 442
443 457 : 442
443 469 : 442
444 397 : 443
444 399 : 443
444 409 : 443
444 435 : 443
444 443 : 443
444 452 : 443
445 436 : 444
445 446 : 444
445 453 : 444
445 464 : 444
445 466 : 444
446 378 : 445
446 410 : 445
446 411 : 445
446 436 : 445
446 445 : 445
446 464 : 445
446 465 : 445
447 425 : 446
447 437 : 446
447 438 : 446
447 451 : 446
447 463 : 446
447 467 : 446
448 372 : 447
448 411 : 447
448 426 : 447
448 434 : 447
448 465 : 447
449 406 : 448
449 432 : 448
449 461 : 448
449 474 : 448
449 480 : 448
450 420 : 449
450 430 : 449
450 439 : 449
450 442 : 449
450 456 : 449
450 458 : 449
451 412 : 450
451 425 : 450
451 440 : 450
451 447 : 450
451 460 : 450
451 467 : 450
452 405 : 451
452 422 : 451
452 435 : 451
452 443 : 451
452 444 : 451
452 457 : 451
452 468 : 451
453 376 : 452
453 407 : 452
453 436 : 452
453 445 : 452
453 459 : 452
453 466 : 452
453 490 : 452
454 404 : 453
454 418 : 453
454 428 : 453
454 441 : 453
454 459 : 453
454 480 : 453
454 481 : 453
455 432 : 454
455 440 : 454
455 474 : 454
455 488 : 454
456 442 : 455
456 450 : 455
456 458 : 455
456 462 : 455
456 472 : 455
456 478 : 455
457 443 : 456
457 452 : 456
457 468 : 456
457 469 : 456
457 479 : 456
457 491 : 456
458 438 : 457
458 439 : 457
458 450 : 457
458 456 : 457
458 462 : 457
459 376 : 458
459 441 : 458
459 453 : 458
459 454 : 458
459 481 : 458
459 487 : 458
459 490 : 458
460 440 : 459
460 451 : 459
460 467 : 459
460 471 : 459
460 488 : 459
461 406 : 460
461 428 : 460
461 449 : 460
461 480 : 460
462 438 : 461
462 456 : 461
462 458 : 461
462 463 : 461
462 478 : 461
462 486 : 461
463 438 : 462
463 447 : 462
463 462 : 462
463 467 : 462
463 486 : 462
464 445 : 463
464 446 : 463
464 465 : 463
464 466 : 463
464 470 : 463
465 411 : 464
465 434 : 464
465 446 : 464
465 448 : 464
465 464 : 464
465 469 : 464
465 470 : 464
466 445 : 465
466 453 : 465
466 464 : 465
466 470 : 465
466 477 : 465
466 490 : 465
467 447 : 466
467 451 : 466
467 460 : 466
467 463 : 466
467 471 : 466
467 475 : 466
467 486 : 466
468 422 : 467
468 452 : 467
468 457 : 467
468 473 : 467
468 476 : 467
468 479 : 467
469 427 : 468
469 434 : 468
469 443 : 468
469 457 : 468
469 465 : 468
469 470 : 468
469 491 : 468
470 464 : 469
470 465 : 469
470 466 : 469
470 469 : 469
470 477 : 469
470 491 : 469
470 498 : 469
471 460 : 470
471 467 : 470
471 475 : 470
471 482 : 470
471 488 : 470
471 499 : 470
472 442 : 471
472 456 : 471
472 478 : 471
472 483 : 471
473 422 : 472
473 442 : 472
473 468 : 472
473 476 : 472
473 483 : 472
473 485 : 472
474 432 : 473
474 449 : 473
474 455 : 473
474 480 : 473
474 481 : 473
474 488 : 473
474 489 : 473
475 467 : 474
475 471 : 474
475 482 : 474
475 486 : 474
475 495 : 474
476 468 : 475
476 473 : 475
476 479 : 475
476 484 : 475
476 485 : 475
476 492 : 475
477 466 : 476
477 470 : 476
477 490 : 476
477 497 : 476
477 498 : 476
478 456 : 477
478 462 : 477
478 472 : 477
478 483 : 477
478 486 : 477
478 495 : 477
478 500 : 477
479 457 : 478
479 468 : 478
479 476 : 478
479 491 : 478
479 492 : 478
479 498 : 478
480 428 : 479
480 449 : 479
480 454 : 479
480 461 : 479
480 474 : 479
480 481 : 479
481 454 : 480
481 459 : 480
481 474 : 480
481 480 : 480
481 487 : 480
481 489 : 480
481 493 : 480
481 496 : 480
482 471 : 481
482 475 : 481
482 495 : 481
482 499 : 481
483 442 : 482
483 472 : 482
483 473 : 482
483 478 : 482
483 485 : 482
483 500 : 482
484 476 : 483
484 485 : 483
484 492 : 483
484 494 : 483
484 496 : 483
484 497 : 483
485 473 : 484
485 476 : 484
485 483 : 484
485 484 : 484
485 494 : 484
485 500 : 484
486 462 : 485
486 463 : 485
486 467 : 485
486 475 : 485
486 478 : 485
486 495 : 485
487 459 : 486
487 481 : 486
487 490 : 486
487 496 : 486
487 497 : 486
488 440 : 487
488 455 : 487
488 460 : 487
488 471 : 487
488 474 : 487
488 489 : 487
488 499 : 487
488 501 : 487
489 474 : 488
489 481 : 488
489 488 : 488
489 493 : 488
489 499 : 488
489 501 : 488
490 453 : 489
490 459 : 489
490 466 : 489
490 477 : 489
490 487 : 489
490 497 : 489
491 457 : 490
491 469 : 490
491 470 : 490
491 479 : 490
491 498 : 490
492 476 : 491
492 479 : 491
492 484 : 491
492 497 : 491
492 498 : 491
493 481 : 492
493 489 : 492
493 496 : 492
493 499 : 492
493 502 : 492
494 484 : 493
494 485 : 493
494 496 : 493
494 500 : 493
495 475 : 494
495 478 : 494
495 482 : 494
495 486 : 494
495 499 : 494
495 500 : 494
496 481 : 495
496 484 : 495
496 487 : 495
496 493 : 495
496 494 : 495
496 497 : 495
496 500 : 495
496 502 : 495
497 477 : 496
497 484 : 496
497 487 : 496
497 490 : 496
497 492 : 496
497 496 : 496
497 498 : 496
498 470 : 497
498 477 : 497
498 479 : 497
498 491 : 497
498 492 : 497
498 497 : 497
499 471 : 498
499 482 : 498
499 488 : 498
499 489 : 498
499 493 : 498
499 495 : 498
499 500 : 498
499 501 : 498
499 502 : 498
500 478 : 499
500 483 : 499
500 485 : 499
500 494 : 499
500 495 : 499
500 496 : 499
500 499 : 499
500 502 : 499
501 488 : 500
501 489 : 500
501 499 : 500
502 493 : 501
502 496 : 501
502 499 : 501
502 500 : 501
